[{"id": 0, "img_name": "0001", "width": 1877, "height": 1055, "position": [1.165083400232147, -0.4584965469256481, 3.0460686033652054], "rotation": [[-0.9690295624891302, 0.08414764636896652, -0.23216563189388614], [-0.02376497390668645, 0.9040111889861249, 0.42684774358441563], [0.24579856191063976, 0.41914549239906645, -0.8740138003282356]], "fy": 1826.818846692725, "fx": 1825.7997732810707}, {"id": 1, "img_name": "0002", "width": 1877, "height": 1055, "position": [1.3568772465328496, -0.37139170414848477, 2.834994098244953], "rotation": [[-0.94035424123297, 0.08878008986078528, -0.3284082773613898], [-0.06195042767633022, 0.9045188820479395, 0.4219096307616899], [0.33450866282636754, 0.41708954393877656, -0.8450682024730658]], "fy": 1826.818846692725, "fx": 1825.7997732810707}, {"id": 2, "img_name": "0003", "width": 1877, "height": 1055, "position": [1.5324760842730876, -0.3736484464078621, 2.6675788594579295], "rotation": [[-0.9182748925843672, 0.10323711812192388, -0.38224771953675274], [-0.07300460460704856, 0.9047115766334355, 0.41972287382463686], [0.38915491691013826, 0.4133268205032471, -0.8232371408636392]], "fy": 1826.818846692725, "fx": 1825.7997732810707}, {"id": 3, "img_name": "0004", "width": 1877, "height": 1055, "position": [1.6929414916404897, -0.28829877121704844, 2.4473361579703323], "rotation": [[-0.8862425302834984, 0.13233980931689746, -0.4439148030722442], [-0.07329603941407198, 0.9061846999688133, 0.4164816684424928], [0.45738590721939926, 0.40164096455964104, -0.793399437524812]], "fy": 1826.818846692725, "fx": 1825.7997732810707}, {"id": 4, "img_name": "0005", "width": 1877, "height": 1055, "position": [1.8970087530036137, -0.29426607204830646, 2.332663496138445], "rotation": [[-0.8427817169786749, 0.16498770702189877, -0.5123456197315761], [-0.07471961387266622, 0.906786037301527, 0.41491693368397653], [0.5330440477382675, 0.38796667264940393, -0.7518948756868568]], "fy": 1826.818846692725, "fx": 1825.7997732810707}, {"id": 5, "img_name": "0006", "width": 1877, "height": 1055, "position": [2.0659455928254102, -0.311399100988759, 2.2254285480469482], "rotation": [[-0.8024820358545792, 0.20050190413310234, -0.5619800428571193], [-0.061593905980814385, 0.9089826943541036, 0.41225799217332465], [0.5934886459543404, 0.36544417877940627, -0.7170925876897131]], "fy": 1826.818846692725, "fx": 1825.7997732810707}, {"id": 6, "img_name": "0007", "width": 1877, "height": 1055, "position": [2.2094539277726333, -0.23973336983616353, 2.020759804880334], "rotation": [[-0.7787184741498085, 0.22046265330737408, -0.5873616913916553], [-0.053320988250140665, 0.9095783565458615, 0.41209717969837895], [0.6251035196108097, 0.3522263928214384, -0.6965501833824864]], "fy": 1826.818846692725, "fx": 1825.7997732810707}, {"id": 7, "img_name": "0008", "width": 1877, "height": 1055, "position": [2.3287079385188414, -0.07946543900504625, 1.748729446283768], "rotation": [[-0.7223249737385561, 0.24632775107311694, -0.6461960007341846], [-0.052028390537512195, 0.9124067286110261, 0.4059642941976564], [0.6895938506770998, 0.32685868603509033, -0.646238129849782]], "fy": 1826.818846692725, "fx": 1825.7997732810707}, {"id": 8, "img_name": "0009", "width": 1877, "height": 1055, "position": [2.3366856220974013, -0.2707716342216573, 1.492185391722378], "rotation": [[-0.6442654309064209, 0.27272141520334015, -0.714524376231106], [-0.0398421919946361, 0.921023833555324, 0.3874631566486253], [0.7637634805854668, 0.27809733496123595, -0.582517998015024]], "fy": 1826.818846692725, "fx": 1825.7997732810707}, {"id": 9, "img_name": "0010", "width": 1877, "height": 1055, "position": [2.8089127026007548, -0.8761714196655418, 1.5296480456123713], "rotation": [[-0.6411388902108579, 0.2805828585427839, -0.7142927851736635], [-0.0545899833828873, 0.9117333489393237, 0.40713908452289543], [0.7654808013095075, 0.3000259320856204, -0.5692306939218134]], "fy": 1826.818846692725, "fx": 1825.7997732810707}, {"id": 10, "img_name": "0011", "width": 1877, "height": 1055, "position": [3.284828450004651, -0.8471495706551181, 1.4980526935682377], "rotation": [[-0.6532556549434915, 0.3048124164170302, -0.6930702995240532], [-0.09318717242464608, 0.8760542754960403, 0.4731226662088885], [0.7513808622661673, 0.3736553186870474, -0.5438828022993847]], "fy": 1826.818846692725, "fx": 1825.7997732810707}, {"id": 11, "img_name": "0012", "width": 1877, "height": 1055, "position": [3.6268746648119956, -0.7139036160981406, 1.3148969627397458], "rotation": [[-0.5953941670784036, 0.3043103814959809, -0.7435731151156448], [-0.15021606985041674, 0.8670103273326938, 0.4751086451088317], [0.7892660629773134, 0.39457354702542563, -0.4705005821676161]], "fy": 1826.818846692725, "fx": 1825.7997732810707}, {"id": 12, "img_name": "0013", "width": 1877, "height": 1055, "position": [3.6734429835363915, -0.25049648510770106, 1.0331428723579947], "rotation": [[-0.48989582752518607, 0.30526352114719246, -0.8165881831316384], [-0.2095972823560547, 0.8679716075050138, 0.45021580135987976], [0.8462098187815885, 0.3917135065605729, -0.361233264492143]], "fy": 1826.818846692725, "fx": 1825.7997732810707}, {"id": 13, "img_name": "0014", "width": 1877, "height": 1055, "position": [3.4999847214237616, 0.11071121963889886, 0.6716080192370234], "rotation": [[-0.4050649435007714, 0.2887213497688285, -0.8675035295227232], [-0.23617088872196013, 0.883586248880611, 0.404349665647655], [0.8832585707860388, 0.368666954006942, -0.289722236212975]], "fy": 1826.818846692725, "fx": 1825.7997732810707}, {"id": 14, "img_name": "0015", "width": 1877, "height": 1055, "position": [3.436640880180858, 0.06866159890817464, 0.28286206951861376], "rotation": [[-0.3197431625849418, 0.26239774141155503, -0.9104458991517804], [-0.2571127446120473, 0.9008062223467441, 0.3499159703978202], [0.9119524913822208, 0.34597048296567545, -0.22056082693501505]], "fy": 1826.818846692725, "fx": 1825.7997732810707}, {"id": 15, "img_name": "0016", "width": 1877, "height": 1055, "position": [3.5303722710896213, -0.165895278274842, 0.0840472666387151], "rotation": [[-0.21429277998294663, 0.25767660111805035, -0.9421684423092449], [-0.24338767865954428, 0.92006526132128, 0.3069891737285265], [0.945960380948324, 0.2950977535428797, -0.13444803282326961]], "fy": 1826.818846692725, "fx": 1825.7997732810707}, {"id": 16, "img_name": "0017", "width": 1877, "height": 1055, "position": [3.6976333754569395, -0.1072232245636037, 0.07036323433889488], "rotation": [[-0.1434460146909151, 0.2693311426779494, -0.9523045607646137], [-0.21670717040370227, 0.9303550107927283, 0.2957660497563625], [0.965640328054351, 0.24879768784426515, -0.07508972871460591]], "fy": 1826.818846692725, "fx": 1825.7997732810707}, {"id": 17, "img_name": "0018", "width": 1877, "height": 1055, "position": [3.7634694893094824, -0.031923781786531207, -0.06855940237240966], "rotation": [[-0.06449814320412135, 0.2873402141170208, -0.9556545353182838], [-0.20299859001384943, 0.933847300158049, 0.29448394258416205], [0.9770524868069315, 0.21299019071005973, -0.0019017585763430862]], "fy": 1826.818846692725, "fx": 1825.7997732810707}, {"id": 18, "img_name": "0019", "width": 1877, "height": 1055, "position": [3.7333628989334846, -0.023001653271221157, -0.44098355174076986], "rotation": [[-0.041386132716491435, 0.28982661388511305, -0.9561839372749692], [-0.20879481627496077, 0.9333656513996781, 0.29194740191335794], [0.9770833704016653, 0.211728823430217, 0.021885899875894593]], "fy": 1826.818846692725, "fx": 1825.7997732810707}, {"id": 19, "img_name": "0020", "width": 1877, "height": 1055, "position": [3.7113440952126027, 0.006770695272039121, -0.7108684103874586], "rotation": [[0.017525472216098816, 0.2998718339969513, -0.9538185052717878], [-0.21156454496705554, 0.9334765782385666, 0.28958922837857803], [0.977206887581379, 0.1967189900729526, 0.07980186594430044]], "fy": 1826.818846692725, "fx": 1825.7997732810707}, {"id": 20, "img_name": "0021", "width": 1877, "height": 1055, "position": [3.6376574469556355, -0.12093238447964968, -1.0268907439001784], "rotation": [[0.09070219652879231, 0.3131614211308958, -0.9453586810624472], [-0.2248328490274861, 0.9312025999514145, 0.2869005190687348], [0.9701666359667475, 0.18652517835135177, 0.1548710957472713]], "fy": 1826.818846692725, "fx": 1825.7997732810707}, {"id": 21, "img_name": "0022", "width": 1877, "height": 1055, "position": [3.546729429208568, -0.134001252098022, -1.397345645665118], "rotation": [[0.19047043829324123, 0.32818736961924155, -0.9252102801843395], [-0.2301542051630214, 0.9311252320948403, 0.2829043018444713], [0.9543322555494801, 0.15905613027712306, 0.25288553426225946]], "fy": 1826.818846692725, "fx": 1825.7997732810707}, {"id": 22, "img_name": "0023", "width": 1877, "height": 1055, "position": [3.745742613847812, -0.06734750191224768, -1.7922032361887392], "rotation": [[0.258975335797311, 0.3533415662402156, -0.8989335420461186], [-0.24366592679578444, 0.9244830088131911, 0.29318608857594214], [0.9346436174111613, 0.1431115089104301, 0.32551559785970086]], "fy": 1826.818846692725, "fx": 1825.7997732810707}, {"id": 23, "img_name": "0024", "width": 1877, "height": 1055, "position": [3.8986780355704362, -0.10497749335682305, -2.00212707121634], "rotation": [[0.32716874443571564, 0.3583465069894094, -0.8743845799148371], [-0.2491894758546567, 0.9252729223708648, 0.28596262736686606], [0.9115180841802528, 0.12432940141321658, 0.3920165585234793]], "fy": 1826.818846692725, "fx": 1825.7997732810707}, {"id": 24, "img_name": "0025", "width": 1877, "height": 1055, "position": [3.7679285784196894, -0.1357815512505837, -2.2957077483920005], "rotation": [[0.3867233692317639, 0.3459002097159338, -0.8548672883018195], [-0.22576483434301867, 0.9342941119181815, 0.2759071438166946], [0.8941338128401712, 0.08629923147682089, 0.43940547036013095]], "fy": 1826.818846692725, "fx": 1825.7997732810707}, {"id": 25, "img_name": "0026", "width": 1877, "height": 1055, "position": [3.5047502892033537, 0.06136867388636139, -2.605375002923815], "rotation": [[0.46038737847785016, 0.3452667992776872, -0.817822902011697], [-0.221321530937054, 0.9368157113746142, 0.2709116144895867], [0.8596861297485096, 0.05627752871455037, 0.507713106074495]], "fy": 1826.818846692725, "fx": 1825.7997732810707}, {"id": 26, "img_name": "0027", "width": 1877, "height": 1055, "position": [3.1308707875019905, 0.0905054483462566, -2.831603909276756], "rotation": [[0.5727168817219853, 0.347149037963647, -0.7426189593806232], [-0.23307792533477986, 0.9374753760301238, 0.2584852027850198], [0.7859198776671067, 0.025049247056397307, 0.6178207516016497]], "fy": 1826.818846692725, "fx": 1825.7997732810707}, {"id": 27, "img_name": "0028", "width": 1877, "height": 1055, "position": [2.587468141677965, -0.05934961939581411, -3.033973842256257], "rotation": [[0.6844381852933148, 0.3266935719308944, -0.6517788586410483], [-0.21912440017668275, 0.9448300014185206, 0.24347641706474846], [0.6953624003062021, -0.023823905609952022, 0.7182642645725075]], "fy": 1826.818846692725, "fx": 1825.7997732810707}, {"id": 28, "img_name": "0029", "width": 1877, "height": 1055, "position": [2.5101389092580906, -0.08157353395291193, -3.210332643566194], "rotation": [[0.7536286599331713, 0.30395769460272387, -0.5827980463412087], [-0.19699162191900638, 0.9503438508084865, 0.2409167203085252], [0.6270870304997958, -0.06675541268162553, 0.7760834820150819]], "fy": 1826.818846692725, "fx": 1825.7997732810707}, {"id": 29, "img_name": "0030", "width": 1877, "height": 1055, "position": [2.258191666660293, -0.21623606673836723, -3.4060570803666854], "rotation": [[0.8117669666896109, 0.2756506866606308, -0.5148311283664487], [-0.1793027399459261, 0.9566523698812178, 0.22949241958838906], [0.5557741620833335, -0.09398373340196899, 0.8260037158611311]], "fy": 1826.818846692725, "fx": 1825.7997732810707}, {"id": 30, "img_name": "0031", "width": 1877, "height": 1055, "position": [2.2333572227792327, -0.02331304052487321, -3.8067687745048957], "rotation": [[0.8591269450829069, 0.23736906966801904, -0.45338374143483684], [-0.15003952457619074, 0.9638243420118845, 0.22029702406139845], [0.4892739859194054, -0.12123762827726739, 0.8636622049112955]], "fy": 1826.818846692725, "fx": 1825.7997732810707}, {"id": 31, "img_name": "0032", "width": 1877, "height": 1055, "position": [2.1991143414545222, 0.5366642684144098, -3.9606609687382823], "rotation": [[0.8878442226232343, 0.19414537065517593, -0.41718126924361], [-0.12692536323113787, 0.9747875937593042, 0.18351866178018397], [0.4422924242208866, -0.10998509947311133, 0.8901015050940544]], "fy": 1826.818846692725, "fx": 1825.7997732810707}, {"id": 32, "img_name": "0033", "width": 1877, "height": 1055, "position": [2.011792463442832, 0.9869037421638797, -4.144602189169858], "rotation": [[0.9071318722924484, 0.15628885696505893, -0.39074999610972794], [-0.1171939267538353, 0.9855704921423449, 0.12213266782606846], [0.40419964102311334, -0.06499690920998828, 0.9123585106688789]], "fy": 1826.818846692725, "fx": 1825.7997732810707}, {"id": 33, "img_name": "0034", "width": 1877, "height": 1055, "position": [1.7371772086490833, 0.8483586975361521, -4.304277827706643], "rotation": [[0.9376438010446653, 0.10946559727289992, -0.3299111780103842], [-0.09460203794706788, 0.9936550399687099, 0.06082857848941992], [0.33447654144763833, -0.025825269765663215, 0.9420501571905591]], "fy": 1826.818846692725, "fx": 1825.7997732810707}, {"id": 34, "img_name": "0035", "width": 1877, "height": 1055, "position": [1.3758967600489258, 0.9280345073328857, -4.343830143511443], "rotation": [[0.9594345418551441, 0.08423730566853418, -0.2690528502523544], [-0.08115117791001986, 0.9964457092505926, 0.022592805047168107], [0.2699997152202688, 0.00015763815837443158, 0.9628603891173345]], "fy": 1826.818846692725, "fx": 1825.7997732810707}, {"id": 35, "img_name": "0036", "width": 1877, "height": 1055, "position": [1.037936856501247, 0.9966738377781827, -4.261820598406841], "rotation": [[0.9864268680411048, 0.0755190122682342, -0.14580436479285208], [-0.07600125274268756, 0.997105142257576, 0.0022682294948400835], [0.14555357634960028, 0.008843871863015008, 0.9893108421230971]], "fy": 1826.818846692725, "fx": 1825.7997732810707}, {"id": 36, "img_name": "0037", "width": 1877, "height": 1055, "position": [0.7435948356443584, 0.850930369065276, -4.008028648170005], "rotation": [[0.9963627998616945, 0.07013435153461402, -0.04839776633878893], [-0.07029333731795662, 0.997525098782692, -0.0015887187556891647], [0.04816656288826093, 0.00498498078229938, 0.9988268779854352]], "fy": 1826.818846692725, "fx": 1825.7997732810707}, {"id": 37, "img_name": "0038", "width": 1877, "height": 1055, "position": [0.5450950710089398, 0.8209446374741295, -3.948272676986071], "rotation": [[0.9983543032194769, 0.0564378244967546, -0.010171391705472078], [-0.05646324666141824, 0.9984021889114945, -0.002229563452454156], [0.010029308032185559, 0.002800204065814454, 0.9999457844491295]], "fy": 1826.818846692725, "fx": 1825.7997732810707}, {"id": 38, "img_name": "0039", "width": 1877, "height": 1055, "position": [0.40558411572023123, 0.7415599907159734, -4.224383554434329], "rotation": [[0.9989065883379641, 0.0352365393182268, 0.03072481199103121], [-0.035151891863103406, 0.9993765625919059, -0.0032909938363785375], [-0.030821620227590933, 0.002207360156715241, 0.9995224636233468]], "fy": 1826.818846692725, "fx": 1825.7997732810707}, {"id": 39, "img_name": "0040", "width": 1877, "height": 1055, "position": [0.19630340822346218, 0.748362513376782, -4.394566867125753], "rotation": [[0.9960694777148471, 0.014460476267034906, 0.08738701385791], [-0.014289864589216987, 0.9998945721689724, -0.002577657279323597], [-0.08741507498649119, 0.0013187771450581655, 0.9961711025180102]], "fy": 1826.818846692725, "fx": 1825.7997732810707}, {"id": 40, "img_name": "0041", "width": 1877, "height": 1055, "position": [-0.09256021948730446, 0.6674972287367904, -4.569238587076681], "rotation": [[0.9849641575581656, -0.01908982338289926, 0.1717008647879874], [0.019306641602408015, 0.9998135265098805, 0.0004071828980032725], [-0.1716766201780813, 0.0029139064991813056, 0.9851490482323702]], "fy": 1826.818846692725, "fx": 1825.7997732810707}, {"id": 41, "img_name": "0042", "width": 1877, "height": 1055, "position": [-0.6548467317200996, 0.7533790992310974, -4.581619248520864], "rotation": [[0.9722097710812048, -0.03307731376566539, 0.23176292267806634], [0.033519323463026496, 0.9994360047767599, 0.0020315783149323047], [-0.2316994086501142, 0.0057934160834886275, 0.9727701785937267]], "fy": 1826.818846692725, "fx": 1825.7997732810707}, {"id": 42, "img_name": "0043", "width": 1877, "height": 1055, "position": [-0.9497487185041288, 0.858766227297044, -4.399915003609371], "rotation": [[0.9414768215493337, -0.03592814238228827, 0.335157519787819], [0.03626840894595666, 0.9993283168696268, 0.005245723500898265], [-0.3351208692365981, 0.007216902900624838, 0.9421475040112509]], "fy": 1826.818846692725, "fx": 1825.7997732810707}, {"id": 43, "img_name": "0044", "width": 1877, "height": 1055, "position": [-1.3104789392496623, 0.7879497166906048, -4.14860184653092], "rotation": [[0.90500942536505, -0.04159307277135747, 0.4233532287556795], [0.04143196492860306, 0.9990953217103951, 0.009588035177088235], [-0.42336902612564503, 0.008863093920219672, 0.9059139657183699]], "fy": 1826.818846692725, "fx": 1825.7997732810707}, {"id": 44, "img_name": "0045", "width": 1877, "height": 1055, "position": [-1.7436150371894645, 0.7463757594188313, -3.9276103054446394], "rotation": [[0.8291686891551682, -0.05710134892131394, 0.5560743843012971], [0.056489411418070096, 0.9982359587399092, 0.01827339804891288], [-0.5561368818216792, 0.0162605851672183, 0.830931622967666]], "fy": 1826.818846692725, "fx": 1825.7997732810707}, {"id": 45, "img_name": "0046", "width": 1877, "height": 1055, "position": [-2.131011028345273, 0.639688229070913, -3.7304314003901533], "rotation": [[0.7111687853130132, -0.09770012709036183, 0.6961994282983438], [0.09781321603348136, 0.9944152872027912, 0.039633462460122414], [-0.6961835487611014, 0.039911423727017954, 0.7167534755342881]], "fy": 1826.818846692725, "fx": 1825.7997732810707}, {"id": 46, "img_name": "0047", "width": 1877, "height": 1055, "position": [-2.473805342288301, 0.38481913561470527, -3.6062764562001113], "rotation": [[0.6268555474374634, -0.1405717002198972, 0.7663496067358324], [0.14881800583783503, 0.9870830727861957, 0.059331345487963115], [-0.7647910327568751, 0.07685443719297735, 0.6396781000616033]], "fy": 1826.818846692725, "fx": 1825.7997732810707}, {"id": 47, "img_name": "0048", "width": 1877, "height": 1055, "position": [-2.869380632798592, 0.5362610386017389, -3.428651719295154], "rotation": [[0.5820646497191905, -0.16254135753409132, 0.7967314796330384], [0.1743795638042996, 0.9819735106932362, 0.07293690440526625], [-0.7942244715914374, 0.09647969417331011, 0.5999159585621358]], "fy": 1826.818846692725, "fx": 1825.7997732810707}, {"id": 48, "img_name": "0049", "width": 1877, "height": 1055, "position": [-3.0851281801725645, 0.6227727395440608, -3.015209262721302], "rotation": [[0.540430072709012, -0.17490527276198722, 0.8230087982954902], [0.1777570922024483, 0.9798108930247812, 0.09150426264229967], [-0.8223975636414924, 0.09684399552907512, 0.5606099248555114]], "fy": 1826.818846692725, "fx": 1825.7997732810707}, {"id": 49, "img_name": "0050", "width": 1877, "height": 1055, "position": [-3.2736282802423937, 0.5049571152230957, -2.5616092520665235], "rotation": [[0.45696945440684955, -0.1839189441457208, 0.8702601563460374], [0.18351454416804722, 0.97683413445151, 0.11007945243851311], [-0.8703455232365479, 0.10940244857722448, 0.48013516266506423]], "fy": 1826.818846692725, "fx": 1825.7997732810707}, {"id": 50, "img_name": "0051", "width": 1877, "height": 1055, "position": [-3.4419976424950747, 0.5442411639645677, -2.1866315836089947], "rotation": [[0.3841058223160675, -0.1842622880733443, 0.9047154947589179], [0.1765340687698897, 0.9764620723687876, 0.12392555744801172], [-0.9062551736825813, 0.11211257921941, 0.4075933387021015]], "fy": 1826.818846692725, "fx": 1825.7997732810707}, {"id": 51, "img_name": "0052", "width": 1877, "height": 1055, "position": [-3.5738965239217935, 0.4129303050682546, -1.7509631426127414], "rotation": [[0.27130394819940384, -0.18745143122570448, 0.9440636253043808], [0.16783234489626875, 0.9750383565587059, 0.14537024195452766], [-0.9477481056156404, 0.11900489137314073, 0.2959921690370066]], "fy": 1826.818846692725, "fx": 1825.7997732810707}, {"id": 52, "img_name": "0053", "width": 1877, "height": 1055, "position": [-3.631376063579078, 0.3326642430747399, -1.5103425845857879], "rotation": [[0.14523888943284843, -0.19597914123274754, 0.9697926794928841], [0.17422293507890096, 0.9699355433100899, 0.16991589306552204], [-0.9739363602868547, 0.14428173143345507, 0.1750164223316156]], "fy": 1826.818846692725, "fx": 1825.7997732810707}, {"id": 53, "img_name": "0054", "width": 1877, "height": 1055, "position": [-3.7779620150019486, 0.19606740767477582, -1.2158948821443896], "rotation": [[0.041824141250624024, -0.20305957636793018, 0.9782727378670656], [0.2028954527806908, 0.960454094200166, 0.19068657051574692], [-0.97830679055681, 0.1905117880326967, 0.08137003238919438]], "fy": 1826.818846692725, "fx": 1825.7997732810707}, {"id": 54, "img_name": "0055", "width": 1877, "height": 1055, "position": [-4.065534507026248, 0.10281665047095338, -0.9872644594787531], "rotation": [[-0.03617451670618957, -0.2050099530794514, 0.9780911631741872], [0.23305864775295973, 0.9500136316516803, 0.20774447377378585], [-0.9717896228344051, 0.23546765980564405, 0.013413058451303158]], "fy": 1826.818846692725, "fx": 1825.7997732810707}, {"id": 55, "img_name": "0056", "width": 1877, "height": 1055, "position": [-4.122214253645616, -0.010498147057885975, -0.3641216630014093], "rotation": [[-0.1133224294664451, -0.2045941166954188, 0.9722650227141998], [0.24239833715255818, 0.9433059526843002, 0.22675300610143959], [-0.9635357145043961, 0.26137162631775107, -0.05730444861017842]], "fy": 1826.818846692725, "fx": 1825.7997732810707}, {"id": 56, "img_name": "0057", "width": 1877, "height": 1055, "position": [-3.9598866091600855, 0.06944171451921526, -0.12428844219721706], "rotation": [[-0.19743219748901858, -0.20594536286581097, 0.9584398963465189], [0.22557398492402655, 0.9419052378578945, 0.2488591975824043], [-0.9540109562893666, 0.2653319249731034, -0.13950650475843515]], "fy": 1826.818846692725, "fx": 1825.7997732810707}, {"id": 57, "img_name": "0058", "width": 1877, "height": 1055, "position": [-3.8082957911758237, -0.02854863407295094, 0.30818606749986915], "rotation": [[-0.2915579683550377, -0.19506283067546673, 0.9364531185155809], [0.21935772469028497, 0.9392634978992013, 0.2639436874275614], [-0.9310618345241007, 0.28237311062321657, -0.2310612184889206]], "fy": 1826.818846692725, "fx": 1825.7997732810707}, {"id": 58, "img_name": "0059", "width": 1877, "height": 1055, "position": [-3.689842016400189, -0.22688469438195713, 0.8076418496888522], "rotation": [[-0.40693363605340127, -0.18480109281992985, 0.8945689307934396], [0.21832971612701696, 0.9312597393787231, 0.29169750233447145], [-0.8869820465512559, 0.31401250596884267, -0.33861334172018887]], "fy": 1826.818846692725, "fx": 1825.7997732810707}, {"id": 59, "img_name": "0060", "width": 1877, "height": 1055, "position": [-3.6548050896533524, -0.31807886104168476, 1.012813686756141], "rotation": [[-0.5078964207215568, -0.17072745456399727, 0.8443301262399259], [0.2183967680025247, 0.9226172031288603, 0.31793135771221237], [-0.8332731110171997, 0.3458751693151411, -0.4313076508792068]], "fy": 1826.818846692725, "fx": 1825.7997732810707}, {"id": 60, "img_name": "0061", "width": 1877, "height": 1055, "position": [-3.6113300999680513, -0.35204520279707663, 1.3269530902606765], "rotation": [[-0.5822030303711111, -0.14991950141427732, 0.7991018549111182], [0.22244226166851777, 0.9159814057903638, 0.3339124203591464], [-0.782022424007451, 0.37215884692158413, -0.4999387172519318]], "fy": 1826.818846692725, "fx": 1825.7997732810707}, {"id": 61, "img_name": "0062", "width": 1877, "height": 1055, "position": [-3.4077756128478462, -0.16761427989216915, 1.9785338823378806], "rotation": [[-0.6127920832557082, -0.12295335667724094, 0.780620480631227], [0.2277877734374542, 0.9184111727787966, 0.3234712475437073], [-0.7567024467857466, 0.37603642083829397, -0.534787824498267]], "fy": 1826.818846692725, "fx": 1825.7997732810707}, {"id": 62, "img_name": "0063", "width": 1877, "height": 1055, "position": [-3.3139296276754777, -0.17081433019366687, 2.129173292032366], "rotation": [[-0.6490332617171223, -0.08773742874497963, 0.7556837756509347], [0.23959061622568145, 0.9192062739778153, 0.31249985999424035], [-0.7220472019206436, 0.383877544898163, -0.5755743815715977]], "fy": 1826.818846692725, "fx": 1825.7997732810707}, {"id": 63, "img_name": "0064", "width": 1877, "height": 1055, "position": [-3.0691595496691573, -0.3201885621956621, 2.152156429191246], "rotation": [[-0.7078419734913549, -0.051441123851463336, 0.7044952457900348], [0.24917224021969794, 0.9150494514559445, 0.3171713986066087], [-0.6609636414113564, 0.4000478873423449, -0.6348927094912693]], "fy": 1826.818846692725, "fx": 1825.7997732810707}, {"id": 64, "img_name": "0065", "width": 1877, "height": 1055, "position": [-2.6283161726642663, -0.3439925425523472, 2.4601643509874056], "rotation": [[-0.76189818489682, -0.033540319629082854, 0.646827799966969], [0.241831524534652, 0.9117062048071368, 0.3321284538509356], [-0.6008566131717086, 0.4094714191190223, -0.6865161959724453]], "fy": 1826.818846692725, "fx": 1825.7997732810707}, {"id": 65, "img_name": "0066", "width": 1877, "height": 1055, "position": [-2.0768413511586346, -0.3661276193870179, 2.5658633822266697], "rotation": [[-0.8184725779730455, -0.02338424028492978, 0.5740695222814505], [0.22249421480395415, 0.9083095285520159, 0.35421762339046076], [-0.5297159271580646, 0.41764455898276837, -0.7382235832504677]], "fy": 1826.818846692725, "fx": 1825.7997732810707}, {"id": 66, "img_name": "0067", "width": 1877, "height": 1055, "position": [-1.752353456496681, -0.6121705493801097, 2.842159460465992], "rotation": [[-0.8662874300212786, -0.020388034566882395, 0.49912965914041496], [0.1933953905080655, 0.9075639361601779, 0.3727276817083447], [-0.4605912629624667, 0.4194186808285295, -0.7822682779294421]], "fy": 1826.818846692725, "fx": 1825.7997732810707}, {"id": 67, "img_name": "0068", "width": 1877, "height": 1055, "position": [-1.4043415205022223, -0.7099247523265192, 2.88470154156151], "rotation": [[-0.9341390264515197, -0.008309666987426155, 0.3568125960427466], [0.14657396450060606, 0.9026026215928965, 0.4047524927955423], [-0.3254233430330118, 0.4303945363595924, -0.841938353373351]], "fy": 1826.818846692725, "fx": 1825.7997732810707}, {"id": 68, "img_name": "0069", "width": 1877, "height": 1055, "position": [-0.9697474821487908, -0.6369674251898871, 3.0325210582809934], "rotation": [[-0.9725325278079073, 0.02226438126490467, 0.23169976193870476], [0.12185697085097189, 0.8968092971732866, 0.4253045534185836], [-0.19832135792845623, 0.44185674356113025, -0.8748892828003817]], "fy": 1826.818846692725, "fx": 1825.7997732810707}, {"id": 69, "img_name": "0070", "width": 1877, "height": 1055, "position": [-0.5978721102419903, -0.7640461080046992, 3.194649885606744], "rotation": [[-0.9897881132898516, 0.07712810622470502, 0.11987804644849014], [0.12229933485560647, 0.8915006419033896, 0.43619889749943236], [-0.0732281604575179, 0.44640548911951633, -0.8918294544362018]], "fy": 1826.818846692725, "fx": 1825.7997732810707}, {"id": 70, "img_name": "0071", "width": 1877, "height": 1055, "position": [-0.0758758000824621, -0.7548000879154408, 3.2189064415533237], "rotation": [[-0.9920323637546461, 0.12393270667562527, 0.022637877096194962], [0.12110036029662136, 0.8885196933475107, 0.4425691553527812], [0.03473459369846568, 0.4417843803822166, -0.8964485870650378]], "fy": 1826.818846692725, "fx": 1825.7997732810707}, {"id": 71, "img_name": "0072", "width": 1877, "height": 1055, "position": [0.44364841002569966, -0.6366054158580807, 2.963030530082912], "rotation": [[-0.9903829853920918, 0.13399115459155578, -0.034466109978776624], [0.1041967258075559, 0.8862539272069341, 0.451328061216308], [0.09101969334617835, 0.4433963768475202, -0.8916922498382831]], "fy": 1826.818846692725, "fx": 1825.7997732810707}, {"id": 72, "img_name": "0073", "width": 1877, "height": 1055, "position": [0.8143983366118283, -0.7719992057993292, 2.7702582884171565], "rotation": [[-0.9868156341847268, 0.13773447464500593, -0.0849948152704535], [0.08369915861977698, 0.8837684055593711, 0.46037794927796927], [0.13852564735432826, 0.4471941634562231, -0.8836447392452196]], "fy": 1826.818846692725, "fx": 1825.7997732810707}, {"id": 73, "img_name": "0074", "width": 1877, "height": 1055, "position": [0.7873307391059758, -0.891031204128883, 2.6009257962861416], "rotation": [[-0.9822400553106927, 0.14452059138951753, -0.11965898381513365], [0.06564289156164885, 0.862130718777871, 0.5024157984448511], [0.17577111403945733, 0.4856381599544827, -0.8563060744064304]], "fy": 1826.818846692725, "fx": 1825.7997732810707}, {"id": 74, "img_name": "0075", "width": 1877, "height": 1055, "position": [0.8607520847038485, -1.1298291885919263, 2.1936339755501546], "rotation": [[-0.9704358858398898, 0.15853840299759725, -0.18198836844457644], [0.03116082084454897, 0.830001443481876, 0.5568901211749909], [0.23933907896213144, 0.5347552511130429, -0.8104033728265104]], "fy": 1826.818846692725, "fx": 1825.7997732810707}, {"id": 75, "img_name": "0076", "width": 1877, "height": 1055, "position": [1.009600169624837, -1.5149001299233298, 1.9925508502177895], "rotation": [[-0.9587553788284832, 0.18340299103458457, -0.21714388420358308], [0.0021308766196705404, 0.7685821363275492, 0.6397475745034227], [0.28422452908270024, 0.6128987213216787, -0.7372730664210975]], "fy": 1826.818846692725, "fx": 1825.7997732810707}, {"id": 76, "img_name": "0126", "width": 1877, "height": 1055, "position": [-2.6435817535622608, -0.33152057761830345, 0.547050001454122], "rotation": [[-0.41056473921266745, -0.365602055978016, 0.8353273200248404], [0.1787609207869293, 0.8660486362699675, 0.46690929827359257], [-0.894137085750638, 0.3410203751677855, -0.29021367232744094]], "fy": 1826.818846692725, "fx": 1825.7997732810707}, {"id": 77, "img_name": "0127", "width": 1877, "height": 1055, "position": [-2.688664354806799, -0.06487997992029154, 0.6414727000558165], "rotation": [[-0.38725840178663606, -0.29362732627315463, 0.873964486413114], [0.18598232837620196, 0.9035643854423571, 0.38598183233403865], [-0.9030179974825675, 0.31201665760957975, -0.29530340600257104]], "fy": 1826.818846692725, "fx": 1825.7997732810707}, {"id": 78, "img_name": "0128", "width": 1877, "height": 1055, "position": [-2.581349846636243, 0.11767659644294372, 1.0114144172020536], "rotation": [[-0.38039739900164193, -0.22695327945939614, 0.8965433775202459], [0.17558930064442813, 0.934064615984403, 0.3109528753124987], [-0.9080012204463086, 0.27570908963713003, -0.3154651828006995]], "fy": 1826.818846692725, "fx": 1825.7997732810707}, {"id": 79, "img_name": "0129", "width": 1877, "height": 1055, "position": [-2.5337079079162317, 0.24829282989844895, 1.1367445985226134], "rotation": [[-0.41511605756354986, -0.18052364861968562, 0.8916781207599142], [0.143722511202169, 0.9547952477869276, 0.26021121147491244], [-0.8983443095643443, 0.2361720709409465, -0.37040552693072304]], "fy": 1826.818846692725, "fx": 1825.7997732810707}, {"id": 80, "img_name": "0130", "width": 1877, "height": 1055, "position": [-2.3173394355593593, 0.07066705728367033, 1.4226326225252557], "rotation": [[-0.6124316777505068, -0.1614092317101112, 0.7738698210981293], [0.07383890157606517, 0.9629736476291765, 0.25928665716885385], [-0.7870675045393114, 0.21593706002099358, -0.5778372862733507]], "fy": 1826.818846692725, "fx": 1825.7997732810707}, {"id": 81, "img_name": "0131", "width": 1877, "height": 1055, "position": [-1.9325177946186285, 0.03418159899662922, 1.8454547895701425], "rotation": [[-0.705456229897962, -0.16273013063504196, 0.6898191156249988], [0.041235266876534366, 0.9622127379462414, 0.26915850293018584], [-0.7075529382765464, 0.21832441805144026, -0.6720887501057616]], "fy": 1826.818846692725, "fx": 1825.7997732810707}, {"id": 82, "img_name": "0132", "width": 1877, "height": 1055, "position": [-1.719253947263733, 0.0570941235817287, 2.1525545782834787], "rotation": [[-0.8288993024754979, -0.16777874603881612, 0.5336442998227146], [-0.01133177584821334, 0.9588023866800848, 0.2838478010355177], [-0.559283056431856, 0.22923410669927685, -0.7966518606731712]], "fy": 1826.818846692725, "fx": 1825.7997732810707}, {"id": 83, "img_name": "0133", "width": 1877, "height": 1055, "position": [-1.4574072007007695, 0.06227013807541996, 2.4486795865345394], "rotation": [[-0.8775289235469677, -0.16699967183623948, 0.4495042802299975], [-0.03392639254538652, 0.9566702820060006, 0.2891901993764927], [-0.478322054924667, 0.23852270569727238, -0.8451715391797665]], "fy": 1826.818846692725, "fx": 1825.7997732810707}, {"id": 84, "img_name": "0134", "width": 1877, "height": 1055, "position": [-1.147049330254554, 0.1863324687881482, 2.722497705687459], "rotation": [[-0.906871997357459, -0.16673794813632045, 0.3870163266067503], [-0.05462767627372896, 0.9571581887304207, 0.28436599432990045], [-0.41785044859833015, 0.23674175465597536, -0.877128465054341]], "fy": 1826.818846692725, "fx": 1825.7997732810707}, {"id": 85, "img_name": "0135", "width": 1877, "height": 1055, "position": [-1.033579148230856, 0.28751140789870616, 2.7047733696413228], "rotation": [[-0.9369192312905015, -0.15791720985945823, 0.3118405183234208], [-0.06840035402982517, 0.9577116853518007, 0.2794811609200309], [-0.34278819350527595, 0.2405212725952061, -0.9081000890995289]], "fy": 1826.818846692725, "fx": 1825.7997732810707}, {"id": 86, "img_name": "0136", "width": 1877, "height": 1055, "position": [-0.9316921468701547, 0.1714840325660544, 2.7238674367613314], "rotation": [[-0.9545438795295212, -0.12555099446863746, 0.2703385467162741], [-0.04938380986185541, 0.9610412134986964, 0.2719577637804838], [-0.2939510526877885, 0.24624527151782927, -0.9235561947596103]], "fy": 1826.818846692725, "fx": 1825.7997732810707}, {"id": 87, "img_name": "0137", "width": 1877, "height": 1055, "position": [-0.6597717997900681, 0.09239280810818792, 2.741451887587772], "rotation": [[-0.9777586774389371, -0.07688289472102393, 0.1951332600869875], [-0.024555573424294336, 0.9659538238860289, 0.2575465665346029], [-0.20829064430901365, 0.24702678117822474, -0.9463576368762819]], "fy": 1826.818846692725, "fx": 1825.7997732810707}, {"id": 88, "img_name": "0138", "width": 1877, "height": 1055, "position": [-0.32248211476274474, 0.12179445835840311, 2.7049037430413265], "rotation": [[-0.9902902070951904, -0.03279586437674114, 0.1350915874921436], [0.0030698496209106696, 0.9663775976188115, 0.2571087607293838], [-0.13898158782612208, 0.2550269987673402, -0.9568935929062609]], "fy": 1826.818846692725, "fx": 1825.7997732810707}, {"id": 89, "img_name": "0139", "width": 1877, "height": 1055, "position": [-0.14630734597929293, 0.2497058794117905, 2.722437478810825], "rotation": [[-0.995793454751483, -0.011988733808745647, 0.09083867973374098], [0.010780538245406215, 0.9691869613715743, 0.24609025560243877], [-0.09098997455349386, 0.2460343556680598, -0.9649807875609531]], "fy": 1826.818846692725, "fx": 1825.7997732810707}, {"id": 90, "img_name": "0140", "width": 1877, "height": 1055, "position": [-0.08304737133024223, 0.20789885304705372, 2.694571975216118], "rotation": [[-0.9976793723983627, -0.011626906557482273, 0.06708714433266914], [0.003403364272144432, 0.9755641819134055, 0.21968828844355567], [-0.06800211027931337, 0.2194067957277791, -0.9732606901473154]], "fy": 1826.818846692725, "fx": 1825.7997732810707}, {"id": 91, "img_name": "0141", "width": 1877, "height": 1055, "position": [0.008411369701804842, 0.22230859902592676, 2.672702959174982], "rotation": [[-0.9980945176345691, -0.010317973693617338, 0.06083480325171079], [0.0030881028583868856, 0.9763314841760667, 0.2162574776216877], [-0.061626272713450427, 0.21603326694149805, -0.9744392387860982]], "fy": 1826.818846692725, "fx": 1825.7997732810707}]